
r1 = 6.000000;
r2 = 6.000000;
r3 = 0.500000;
r4 = 2.333333.

r1 = 109.000000;
r2 = 3384.000000;
r3 = 4.000000;
r4 = 47.099998.
